0 0 100000     0     0 0.005 0 0 0 0.005     0     0    0    0 0.01 0 0 0 0.01    0    0 
10 100183 20.6541     0     0 0.005 0 0 0 0.005     0     0    0    0 0.01 0 0 0 0.01    0    0 
20 100398 22.4481     0     0 0.005 0 0 0 0.005     0     0    0    0 0.01 0 0 0 0.01    0    0 
30 100637 24.3513     0     0 0.005 0 0 0 0.005     0     0    0    0 0.01 0 0 0 0.01    0    0 
40 100880 24.2534     0     0 0.005 0 0 0 0.005     0     0    0    0 0.01 0 0 0 0.01    0    0 
50 101123 24.3694     0     0 0.005 0 0 0 0.005     0     0    0    0 0.01 0 0 0 0.01    0    0 
60 101358 22.9577     0     0 0.005 0 0 0 0.005     0     0    0    0 0.01 0 0 0 0.01    0    0 
70 101600 24.4136     0     0 0.005 0 0 0 0.005     0     0    0    0 0.01 0 0 0 0.01    0    0 
80 101844 24.423     0     0 0.005 0 0 0 0.005     0     0    0    0 0.01 0 0 0 0.01    0    0 
90 102086 24.4303     0     0 0.005 0 0 0 0.005     0     0    0    0 0.01 0 0 0 0.01    0    0 
